0 1 6353
1 0 6353
0 24 4072
24 0 4072
0 47 8482
47 0 8482
0 49 1168
49 0 1168
1 24 1177
24 1 1177
1 49 2917
49 1 2917
1 7 2934
7 1 2934
2 31 1431
31 2 1431
2 4 7411
4 2 7411
2 48 5595
48 2 5595
2 49 1968
49 2 1968
3 37 9800
37 3 9800
3 38 7563
38 3 7563
3 8 1485
8 3 1485
4 48 7707
48 4 7707
10 25 2670
25 10 2670
10 30 5313
30 10 5313
10 41 2705
41 10 2705
11 23 6078
23 11 6078
11 26 4612
26 11 4612
11 28 7164
28 11 7164
11 45 9597
45 11 9597
11 46 5284
46 11 5284
11 9 3516
9 11 3516
12 38 2723
38 12 2723
12 8 6118
8 12 6118
13 44 5557
44 13 5557
13 7 8612
7 13 8612
14 16 6149
16 14 6149
14 18 1841
18 14 1841
14 42 2455
42 14 2455
15 25 5243
25 15 5243
15 41 8412
41 15 8412
15 8 5988
8 15 5988
16 18 7991
18 16 7991
16 42 9354
42 16 9354
17 23 5474
23 17 5474
17 45 2691
45 17 2691
17 9 5974
9 17 5974
18 42 7331
42 18 7331
19 2 1957
2 19 1957
19 31 3560
31 19 3560
19 35 6512
35 19 6512
19 48 2313
48 19 2313
19 49 2415
49 19 2415
20 30 5078
30 20 5078
20 4 2439
4 20 2439
20 40 2952
40 20 2952
20 41 2169
41 20 2169
20 48 8237
48 20 8237
21 22 9544
22 21 9544
21 27 5358
27 21 5358
21 34 1971
34 21 1971
21 44 3618
44 21 3618
22 27 9227
27 22 9227
22 44 7407
44 22 7407
22 7 3693
7 22 3693
23 28 2616
28 23 2616
23 45 9849
45 23 9849
24 47 1594
47 24 1594
25 3 5405
3 25 5405
25 41 3810
41 25 3810
25 8 9124
8 25 9124
26 46 6880
46 26 6880
26 5 8031
5 26 8031
27 34 7166
34 27 7166
27 39 6023
39 27 6023
27 40 7182
40 27 7182
28 31 9735
31 28 9735
28 35 6658
35 28 6658
28 46 2030
46 28 2030
29 32 4681
32 29 4681
29 33 3510
33 29 3510
29 43 5717
43 29 5717
29 6 6992
6 29 6992
30 39 4323
39 30 4323
30 40 6831
40 30 6831
30 41 5083
41 30 5083
31 35 1252
35 31 1252
31 36 9901
36 31 9901
32 33 9595
33 32 9595
32 42 7799
42 32 7799
32 43 9376
43 32 9376
33 42 8581
42 33 8581
33 43 6733
43 33 6733
34 39 6142
39 34 6142
34 40 4222
40 34 4222
35 36 7816
36 35 7816
37 38 9369
38 37 9369
38 8 8016
8 38 8016
39 40 6569
40 39 6569
43 47 5054
47 43 5054
43 6 1492
6 43 1492
44 7 1517
7 44 1517
45 9 4213
9 45 4213
46 5 2209
5 46 2209
47 6 8708
6 47 8708
48 49 4852
49 48 4852