0 34 2852
34 0 2852
0 40 5192
40 0 5192
0 48 7443
48 0 7443
1 23 6589
23 1 6589
1 38 6012
38 1 6012
1 39 2572
39 1 2572
2 3 3394
3 2 3394
2 41 9349
41 2 9349
2 49 1932
49 2 1932
2 5 4442
5 2 4442
2 9 4743
9 2 4743
3 30 5263
30 3 5263
3 5 8125
5 3 8125
3 9 4647
9 3 4647
4 46 6927
46 4 6927
5 9 2227
9 5 2227
10 16 8616
16 10 8616
10 37 6611
37 10 6611
10 4 3786
4 10 3786
10 46 8642
46 10 8642
11 14 8836
14 11 8836
11 18 8338
18 11 8338
11 32 6901
32 11 6901
11 35 4289
35 11 4289
11 42 5605
42 11 5605
11 47 6358
47 11 6358
12 27 9127
27 12 9127
12 41 3036
41 12 3036
13 22 5334
22 13 5334
13 27 8935
27 13 8935
13 31 9844
31 13 9844
14 35 5894
35 14 5894
14 47 8624
47 14 8624
14 7 2247
7 14 2247
15 33 2609
33 15 2609
15 36 9587
36 15 9587
15 43 9320
43 15 9320
15 44 7918
44 15 7918
16 21 4333
21 16 4333
16 4 9617
4 16 9617
17 26 6630
26 17 6630
17 40 6274
40 17 6274
17 7 1028
7 17 1028
18 32 6546
32 18 6546
18 35 4517
35 18 4517
18 36 7884
36 18 7884
18 8 9786
8 18 9786
19 36 6431
36 19 6431
19 48 4811
48 19 4811
19 7 7405
7 19 7405
20 3 7795
3 20 7795
20 43 1531
43 20 1531
20 6 7237
6 20 7237
21 34 6723
34 21 6723
21 4 3892
4 21 3892
21 48 5568
48 21 5568
22 27 4153
27 22 4153
22 3 5017
3 22 5017
22 5 3303
5 22 3303
23 38 3111
38 23 3111
23 39 4235
39 23 4235
24 29 3138
29 24 3138
24 39 2607
39 24 2607
24 8 8425
8 24 8425
25 3 8749
3 25 8749
25 30 9087
30 25 9087
25 45 8522
45 25 8522
25 6 6705
6 25 6705
26 40 9369
40 26 9369
26 7 7699
7 26 7699
27 31 8458
31 27 8458
27 5 6194
5 27 6194
28 39 6951
39 28 6951
28 42 2843
42 28 2843
29 32 5836
32 29 5836
29 39 2759
39 29 2759
29 42 5942
42 29 5942
29 8 4611
8 29 4611
30 45 3556
45 30 3556
30 6 4959
6 30 4959
32 8 5613
8 32 5613
33 36 8143
36 33 8143
33 44 1376
44 33 1376
34 40 3903
40 34 3903
34 48 5059
48 34 5059
35 36 8583
36 35 8583
35 47 4576
47 35 4576
36 44 1578
44 36 1578
37 4 6127
4 37 6127
37 46 5049
46 37 5049
38 39 1349
39 38 1349
40 48 4946
48 40 4946
41 5 8951
5 41 8951
43 49 1174
49 43 1174
43 9 4950
9 43 4950
46 49 3195
49 46 3195
47 7 2380
7 47 2380
49 9 1762
9 49 1762