0 12 8652
12 0 8652
0 16 1843
16 0 1843
0 19 2684
19 0 2684
0 30 5478
30 0 5478
0 42 6519
42 0 6519
1 3 2594
3 1 2594
1 47 9497
47 1 9497
1 48 9665
48 1 9665
1 9 8242
9 1 8242
2 32 5174
32 2 5174
3 47 4259
47 3 4259
3 48 5148
48 3 5148
3 9 2677
9 3 2677
4 43 8702
43 4 8702
8 9 8058
9 8 8058
10 11 3641
11 10 3641
10 2 3139
2 10 3139
10 32 5907
32 10 5907
10 6 9520
6 10 9520
11 22 6797
22 11 6797
11 31 6560
31 11 6560
11 6 6825
6 11 6825
12 13 6349
13 12 6349
12 19 7340
19 12 7340
12 2 3269
2 12 3269
13 2 4361
2 13 4361
13 32 9851
32 13 9851
13 42 9004
42 13 9004
14 15 6039
15 14 6039
14 28 9037
28 14 9037
14 36 3694
36 14 3694
14 43 9866
43 14 9866
15 28 8020
28 15 8020
15 36 4228
36 15 4228
15 38 5062
38 15 5062
16 19 8339
19 16 8339
16 30 9030
30 16 9030
16 4 3523
4 16 3523
16 43 5614
43 16 5614
17 20 6975
20 17 6975
17 25 5915
25 17 5915
17 26 1533
26 17 1533
17 29 9255
29 17 9255
17 33 2329
33 17 2329
17 40 7041
40 17 7041
18 37 8802
37 18 8802
18 4 2676
4 18 2676
18 49 3783
49 18 3783
18 7 6694
7 18 6694
19 30 6159
30 19 6159
19 4 3038
4 19 3038
20 25 7241
25 20 7241
20 26 8251
26 20 8251
20 33 9511
33 20 9511
21 27 5878
27 21 5878
21 34 2016
34 21 2016
21 35 1051
35 21 1051
21 38 9618
38 21 9618
22 31 8621
31 22 8621
22 39 4527
39 22 4527
22 41 1296
41 22 1296
22 6 1397
6 22 1397
23 25 3444
25 23 3444
23 27 5759
27 23 5759
23 34 5473
34 23 5473
23 44 8730
44 23 8730
24 27 1938
27 24 1938
24 34 2351
34 24 2351
24 45 4181
45 24 4181
24 5 5196
5 24 5196
25 26 3309
26 25 3309
25 44 4058
44 25 4058
27 34 2860
34 27 2860
27 44 1021
44 27 1021
28 35 5497
35 28 5497
28 36 2334
36 28 2334
29 33 1164
33 29 1164
29 40 1632
40 29 1632
30 42 1394
42 30 1394
33 48 2370
48 33 2370
34 38 6518
38 34 6518
34 44 9673
44 34 9673
35 38 6008
38 35 6008
36 43 6120
43 36 6120
37 4 7985
4 37 7985
37 46 3983
46 37 3983
37 49 8962
49 37 8962
37 7 6873
7 37 6873
38 5 5914
5 38 5914
39 41 4434
41 39 4434
39 6 8042
6 39 8042
41 6 2182
6 41 2182
42 47 1639
47 42 1639
45 5 5534
5 45 5534
46 49 7400
49 46 7400
47 8 9079
8 47 9079
47 9 6221
9 47 6221
49 7 7512
7 49 7512