0 16 2345
16 0 2345
0 32 9757
32 0 9757
0 38 8531
38 0 8531
1 23 3949
23 1 3949
1 24 9712
24 1 9712
1 31 6037
31 1 6037
1 7 9091
7 1 9091
2 21 2827
21 2 2827
2 41 4663
41 2 4663
2 5 8794
5 2 8794
3 41 6119
41 3 6119
3 44 6879
44 3 6879
3 8 4851
8 3 4851
4 44 5426
44 4 5426
4 8 3907
8 4 3907
10 12 9458
12 10 9458
10 17 5778
17 10 5778
10 25 3191
25 10 3191
11 20 8385
20 11 8385
11 36 2782
36 11 2782
11 45 2776
45 11 2776
11 46 8117
46 11 8117
11 9 8131
9 11 8131
12 17 2573
17 12 2573
12 20 1194
20 12 1194
12 25 5344
25 12 5344
13 19 4344
19 13 4344
13 21 4788
21 13 4788
13 36 5997
36 13 5997
13 46 8635
46 13 8635
14 18 6758
18 14 6758
14 34 9899
34 14 9899
14 43 6274
43 14 6274
14 49 9344
49 14 9344
15 2 8135
2 15 8135
15 41 8546
41 15 8546
15 45 1878
45 15 1878
15 5 3784
5 15 3784
15 6 7979
6 15 7979
16 23 8843
23 16 8843
16 32 2229
32 16 2229
16 38 1799
38 16 1799
16 39 5709
39 16 5709
17 25 8116
25 17 8116
17 29 4549
29 17 4549
17 37 3395
37 17 3395
18 24 2194
24 18 2194
18 35 4716
35 18 4716
18 43 7550
43 18 7550
19 40 8847
40 19 8847
19 42 9816
42 19 9816
19 47 7084
47 19 7084
20 37 6802
37 20 6802
20 9 4958
9 20 4958
22 27 1327
27 22 1327
22 4 4001
4 22 4001
23 26 7454
26 23 7454
23 39 7339
39 23 7339
23 7 5088
7 23 5088
24 30 4718
30 24 4718
24 31 2587
31 24 2587
25 48 8206
48 25 8206
26 28 7890
28 26 7890
26 37 6966
37 26 6966
26 39 7899
39 26 7899
27 3 1879
3 27 1879
27 4 7998
4 27 7998
27 44 6389
44 27 6389
28 35 5906
35 28 5906
28 36 7852
36 28 7852
28 42 1483
42 28 1483
28 47 4990
47 28 4990
29 37 3671
37 29 3671
30 31 6954
31 30 6954
30 33 7180
33 30 7180
31 33 8258
33 31 8258
32 38 1618
38 32 1618
32 39 7457
39 32 7457
34 43 3299
43 34 3299
34 49 2524
49 34 2524
35 42 2880
42 35 2880
35 47 4545
47 35 4545
36 46 6090
46 36 6090
39 7 8272
7 39 8272
40 47 6507
47 40 6507
41 48 1432
48 41 1432
41 6 2536
6 41 2536
41 8 5784
8 41 5784
42 43 7364
43 42 7364
42 47 8046
47 42 8046
43 49 7804
49 43 7804
44 8 1854
8 44 1854
45 46 1509
46 45 1509
45 5 6342
5 45 6342
45 9 5333
9 45 5333
46 5 7746
5 46 7746
46 9 1921
9 46 1921
48 6 4997
6 48 4997