0 14 7276
14 0 7276
0 32 8021
32 0 8021
0 47 8147
47 0 8147
0 49 1057
49 0 1057
1 36 1361
36 1 1361
1 41 4498
41 1 4498
1 46 4917
46 1 4917
1 9 9009
9 1 9009
2 21 1021
21 2 1021
2 29 5743
29 2 5743
2 37 5510
37 2 5510
3 7 5206
7 3 5206
4 45 7745
45 4 7745
4 7 4631
7 4 4631
5 6 9659
6 5 9659
10 12 8444
12 10 8444
10 3 6903
3 10 6903
10 7 2495
7 10 2495
11 30 4853
30 11 4853
11 35 1770
35 11 1770
11 43 8381
43 11 8381
11 45 3185
45 11 3185
12 3 8194
3 12 8194
12 4 7454
4 12 7454
12 7 8589
7 12 8589
13 16 7592
16 13 7592
13 33 7060
33 13 7060
13 39 8875
39 13 8875
13 41 1870
41 13 1870
13 9 8747
9 13 8747
14 17 2848
17 14 2848
14 32 1713
32 14 1713
14 39 9657
39 14 9657
15 2 8249
2 15 8249
15 29 1481
29 15 1481
15 37 8490
37 15 8490
16 33 6291
33 16 6291
16 44 5984
44 16 5984
17 20 9176
20 17 9176
17 24 5571
24 17 5571
17 32 8724
32 17 8724
17 39 6065
39 17 6065
18 42 6464
42 18 6464
18 49 6666
49 18 6666
19 22 6521
22 19 6521
19 41 7033
41 19 7033
20 24 1504
24 20 1504
20 38 3018
38 20 3018
20 39 8707
39 20 8707
21 37 7902
37 21 7902
21 6 3922
6 21 3922
22 23 3431
23 22 3431
22 33 1717
33 22 1717
22 44 6545
44 22 6545
23 4 3861
4 23 3861
23 44 2853
44 23 2853
24 38 5843
38 24 5843
24 39 4325
39 24 4325
25 45 8900
45 25 8900
25 7 1862
7 25 1862
26 31 8422
31 26 8422
26 5 7184
5 26 7184
27 28 3161
28 27 3161
27 35 2856
35 27 2856
27 38 4825
38 27 4825
27 40 9268
40 27 9268
28 38 4614
38 28 4614
28 5 8939
5 28 8939
28 6 9842
6 28 9842
29 37 7834
37 29 7834
30 35 1243
35 30 1243
30 40 6565
40 30 6565
30 43 6660
43 30 6660
30 45 1347
45 30 1347
31 5 3723
5 31 3723
31 6 5349
6 31 5349
32 37 5144
37 32 5144
33 41 8930
41 33 8930
33 44 9993
44 33 9993
33 9 2118
9 33 2118
34 42 9792
42 34 9792
34 48 4281
48 34 4281
34 8 9201
8 34 9201
36 46 3396
46 36 3396
36 48 3151
48 36 3151
38 40 4516
40 38 4516
38 6 1944
6 38 1944
40 43 5481
43 40 5481
40 5 8668
5 40 8668
41 9 7275
9 41 7275
42 47 1586
47 42 1586
42 8 4173
8 42 4173
45 7 9041
7 45 9041
46 48 1679
48 46 1679
46 9 6343
9 46 6343
47 49 8020
49 47 8020
47 8 6261
8 47 6261
49 8 8875
8 49 8875