0 12 1069
12 0 1069
0 13 6587
13 0 6587
0 22 7093
22 0 7093
0 31 3073
31 0 3073
1 11 9641
11 1 9641
1 26 6997
26 1 6997
1 27 4452
27 1 4452
1 40 8519
40 1 8519
1 46 1296
46 1 1296
2 3 5176
3 2 5176
2 34 1342
34 2 1342
2 45 3831
45 2 3831
2 7 9826
7 2 9826
3 34 4920
34 3 4920
3 36 6488
36 3 6488
3 6 5786
6 3 5786
3 7 7903
7 3 7903
4 43 6448
43 4 6448
10 28 4552
28 10 4552
10 29 3924
29 10 3924
10 35 7012
35 10 7012
10 42 9253
42 10 9253
11 27 4980
27 11 4980
11 5 5286
5 11 5286
12 22 5401
22 12 5401
12 31 5152
31 12 5152
13 14 3732
14 13 3732
13 31 9368
31 13 9368
13 43 8404
43 13 8404
14 20 9674
20 14 9674
14 21 1480
21 14 1480
14 30 2141
30 14 2141
14 4 4552
4 14 4552
14 43 6424
43 14 6424
14 9 9393
9 14 9393
15 32 3506
32 15 3506
15 37 6344
37 15 6344
15 41 2860
41 15 2860
15 49 2276
49 15 2276
16 25 4141
25 16 4141
16 33 5712
33 16 5712
16 48 3340
48 16 3340
16 8 1273
8 16 1273
17 41 4143
41 17 4143
17 44 7246
44 17 7246
18 2 9533
2 18 9533
18 30 1280
30 18 1280
18 33 9505
33 18 9505
18 7 1786
7 18 1786
18 8 5493
8 18 5493
19 23 6321
23 19 6321
19 25 1829
25 19 1829
19 37 3300
37 19 3300
19 39 7615
39 19 7615
19 48 1101
48 19 1101
20 21 3244
21 20 3244
20 8 1833
8 20 1833
21 4 7915
4 21 7915
21 43 6248
43 21 6248
21 9 7876
9 21 7876
23 25 2138
25 23 2138
23 37 1260
37 23 1260
23 39 4881
39 23 4881
23 48 8729
48 23 8729
24 28 4399
28 24 4399
24 42 9308
42 24 9308
24 47 2986
47 24 2986
25 48 8676
48 25 8676
26 42 5294
42 26 5294
26 45 1266
45 26 1266
26 46 3151
46 26 3151
26 47 5594
47 26 5594
27 40 6244
40 27 6244
27 5 1102
5 27 1102
28 42 5148
42 28 5148
28 47 1516
47 28 1516
29 35 4157
35 29 4157
30 8 3603
8 30 3603
30 9 3439
9 30 3439
31 43 2630
43 31 2630
32 37 5446
37 32 5446
32 38 8985
38 32 8985
32 41 7379
41 32 7379
32 44 7762
44 32 7762
32 49 4417
49 32 4417
33 7 8999
7 33 8999
34 36 4383
36 34 4383
34 6 7281
6 34 7281
35 42 7341
42 35 7341
35 46 6559
46 35 6559
36 6 2247
6 36 2247
37 41 6162
41 37 6162
38 49 3258
49 38 3258
40 5 2162
5 40 2162
41 44 7753
44 41 7753
42 47 4029
47 42 4029
45 47 8243
47 45 8243
45 7 5915
7 45 5915