0 26 7892
26 0 7892
0 31 8801
31 0 8801
0 38 4955
38 0 4955
0 47 1899
47 0 1899
1 39 8322
39 1 8322
1 48 8672
48 1 8672
2 25 1270
25 2 1270
2 43 3240
43 2 3240
3 38 7886
38 3 7886
3 5 1003
5 3 1003
4 49 3163
49 4 3163
4 6 1227
6 4 1227
5 6 9858
6 5 9858
5 9 2351
9 5 2351
10 12 4973
12 10 4973
10 19 1983
19 10 1983
10 23 2862
23 10 2862
10 32 9752
32 10 9752
10 46 1156
46 10 1156
11 2 1628
2 11 1628
11 25 2578
25 11 2578
11 34 4655
34 11 4655
11 40 6102
40 11 6102
12 19 7976
19 12 7976
12 32 6416
32 12 6416
13 3 7572
3 13 7572
13 35 9961
35 13 9961
13 6 2532
6 13 2532
14 17 2422
17 14 2422
14 28 7727
28 14 7727
14 45 2519
45 14 2519
14 8 3135
8 14 3135
15 33 3369
33 15 3369
15 37 7157
37 15 7157
15 4 6103
4 15 6103
16 18 8244
18 16 8244
16 2 9625
2 16 9625
16 24 4694
24 16 4694
16 43 6523
43 16 6523
17 28 9901
28 17 9901
17 45 1416
45 17 1416
17 5 2441
5 17 2441
17 9 6224
9 17 6224
18 28 2398
28 18 2398
18 39 4057
39 18 4057
19 32 6402
32 19 6402
20 27 5246
27 20 5246
20 36 5833
36 20 5833
21 23 6033
23 21 6033
21 34 8661
34 21 8661
21 40 7328
40 21 7328
21 46 9906
46 21 9906
22 24 3162
24 22 3162
22 43 4963
43 22 4963
22 44 3530
44 22 3530
22 45 5830
45 22 5830
22 7 8443
7 22 8443
22 8 1404
8 22 1404
23 34 3875
34 23 3875
23 46 4056
46 23 4056
24 43 7401
43 24 7401
24 44 7671
44 24 7671
24 7 9519
7 24 9519
25 40 7246
40 25 7246
26 3 5038
3 26 5038
26 31 1122
31 26 1122
26 35 8465
35 26 8465
26 38 1244
38 26 1244
26 47 2836
47 26 2836
27 29 2634
29 27 2634
27 36 6998
36 27 6998
28 30 2151
30 28 2151
28 39 3578
39 28 3578
29 36 4988
36 29 4988
29 37 7223
37 29 7223
29 41 5332
41 29 5332
30 39 9223
39 30 9223
30 48 1177
48 30 1177
31 47 3489
47 31 3489
33 37 9827
37 33 9827
33 4 8782
4 33 8782
33 49 6283
49 33 6283
33 6 3858
6 33 3858
34 40 9721
40 34 9721
34 46 1863
46 34 1863
35 47 4241
47 35 4241
36 41 2309
41 36 2309
37 41 3471
41 37 3471
37 42 5849
42 37 5849
38 8 9996
8 38 9996
39 48 7367
48 39 7367
41 42 8238
42 41 8238
42 49 8125
49 42 8125
44 7 6477
7 44 6477
45 8 9308
8 45 9308
49 5 8613
5 49 8613
49 6 8447
6 49 8447
49 9 9053
9 49 9053