0 18 5771
18 0 5771
0 23 2821
23 0 2821
0 35 9405
35 0 9405
1 19 2868
19 1 2868
1 29 5762
29 1 5762
1 45 3839
45 1 3839
1 5 4833
5 1 4833
2 42 9683
42 2 9683
2 43 5333
43 2 5333
2 49 7624
49 2 7624
2 9 2367
9 2 2367
3 7 3690
7 3 3690
5 6 7401
6 5 7401
10 16 3452
16 10 3452
10 22 4390
22 10 4390
10 27 2369
27 10 2369
10 40 1167
40 10 1167
10 44 5837
44 10 5837
10 46 8901
46 10 8901
10 49 6781
49 10 6781
11 3 7839
3 11 7839
11 36 5918
36 11 5918
11 48 4736
48 11 4736
11 7 8509
7 11 8509
12 28 2973
28 12 2973
12 31 9518
31 12 9518
12 34 1610
34 12 1610
12 38 7109
38 12 7109
13 18 8569
18 13 8569
13 21 2371
21 13 2371
13 23 3954
23 13 3954
13 41 2560
41 13 2560
14 42 8760
42 14 8760
14 43 1115
43 14 1115
14 8 4848
8 14 4848
15 24 4561
24 15 4561
15 25 3359
25 15 3359
15 3 2494
3 15 2494
16 35 6934
35 16 6934
16 37 1414
37 16 1414
16 44 7385
44 16 7385
16 46 4499
46 16 4499
17 20 8107
20 17 8107
17 45 2177
45 17 2177
17 5 4259
5 17 4259
17 6 5430
6 17 5430
18 21 7420
21 18 7420
18 23 7540
23 18 7540
18 34 5145
34 18 5145
18 41 4261
41 18 4261
19 45 3317
45 19 3317
19 5 6374
5 19 6374
20 29 9041
29 20 9041
20 39 9773
39 20 9773
20 45 4541
45 20 4541
21 41 8495
41 21 8495
22 26 1189
26 22 1189
22 27 2405
27 22 2405
22 33 5477
33 22 5477
22 48 6569
48 22 6569
23 31 3612
31 23 3612
24 25 4823
25 24 4823
24 3 4898
3 24 4898
24 30 6973
30 24 6973
24 43 1449
43 24 1449
25 30 1744
30 25 1744
26 27 8149
27 26 8149
26 33 2134
33 26 2134
26 47 5374
47 26 5374
26 48 3653
48 26 3653
27 49 7746
49 27 7746
27 9 6721
9 27 6721
28 31 3268
31 28 3268
28 34 2793
34 28 2793
28 4 6941
4 28 6941
29 37 6539
37 29 6539
30 42 7976
42 30 7976
30 43 5253
43 30 5253
31 34 2275
34 31 2275
31 4 5875
4 31 5875
32 33 5840
33 32 5840
32 39 6204
39 32 6204
32 47 8402
47 32 8402
33 47 4798
47 33 4798
34 38 5209
38 34 5209
35 37 8367
37 35 8367
35 4 4504
4 35 4504
36 7 4525
7 36 4525
37 46 1111
46 37 1111
38 8 7936
8 38 7936
39 40 8573
40 39 8573
40 46 9113
46 40 9113
41 42 7771
42 41 7771
42 43 4426
43 42 4426
44 46 4368
46 44 4368
44 49 1908
49 44 1908
45 5 6183
5 45 6183
49 9 9250
9 49 9250