0 19 5741
19 0 5741
0 35 3588
35 0 3588
1 28 6357
28 1 6357
1 43 4759
43 1 4759
2 23 3954
23 2 3954
2 41 3197
41 2 3197
2 45 9036
45 2 9036
3 34 3238
34 3 3238
3 42 2306
42 3 2306
4 49 8069
49 4 8069
5 8 6626
8 5 6626
10 18 1512
18 10 1512
10 44 7410
44 10 7410
10 5 9190
5 10 9190
11 17 7871
17 11 7871
11 3 4049
3 11 4049
11 34 4687
34 11 4687
11 42 3019
42 11 3019
12 22 4156
22 12 4156
12 4 3439
4 12 3439
12 49 8653
49 12 8653
12 7 4085
7 12 4085
13 27 1850
27 13 1850
13 4 5791
4 13 5791
13 46 3415
46 13 3415
14 16 6220
16 14 6220
14 17 4995
17 14 4995
14 26 3713
26 14 3713
14 40 2619
40 14 2619
15 19 4087
19 15 4087
15 20 3237
20 15 3237
15 24 6826
24 15 6826
15 25 8447
25 15 8447
15 33 9249
33 15 9249
16 26 8522
26 16 8522
16 45 3980
45 16 3980
16 7 7858
7 16 7858
17 26 2368
26 17 2368
17 34 8557
34 17 8557
17 40 6127
40 17 6127
17 41 6225
41 17 6225
18 5 2917
5 18 2917
18 9 8171
9 18 8171
19 20 6297
20 19 6297
19 25 3538
25 19 3538
19 35 2327
35 19 2327
20 25 3609
25 20 3609
20 35 7386
35 20 7386
21 23 8414
23 21 8414
21 29 8129
29 21 8129
22 49 1538
49 22 1538
22 7 2574
7 22 2574
23 26 6238
26 23 6238
23 29 5033
29 23 5033
23 41 5741
41 23 5741
24 32 4452
32 24 4452
24 33 8538
33 24 8538
24 39 7566
39 24 7566
24 47 9599
47 24 9599
25 33 9134
33 25 9134
25 44 8879
44 25 8879
26 40 8592
40 26 8592
26 41 6642
41 26 6642
27 31 5007
31 27 5007
27 46 4101
46 27 4101
27 48 3475
48 27 3475
27 6 8205
6 27 8205
28 3 3530
3 28 3530
28 42 5195
42 28 5195
28 43 1285
43 28 1285
29 30 7427
30 29 7427
29 9 5108
9 29 5108
30 32 1029
32 30 1029
30 39 9183
39 30 9183
30 45 9533
45 30 9533
30 47 8168
47 30 8168
31 46 1748
46 31 1748
31 48 1876
48 31 1876
31 6 7300
6 31 7300
32 39 8770
39 32 8770
33 44 1880
44 33 1880
34 40 5327
40 34 5327
36 37 9070
37 36 9070
36 38 4249
38 36 4249
36 44 2778
44 36 2778
36 8 9769
8 36 9769
37 38 9352
38 37 9352
37 44 8166
44 37 8166
37 8 6048
8 37 6048
39 47 4983
47 39 4983
40 7 7255
7 40 7255
42 43 6040
43 42 6040
44 5 6892
5 44 6892
44 8 8052
8 44 8052
45 47 9896
47 45 9896
47 48 1971
48 47 1971
48 6 6619
6 48 6619
49 7 9955
7 49 9955