0 11 1263
11 0 1263
0 18 8639
18 0 8639
0 33 9096
33 0 9096
1 10 2163
10 1 2163
1 20 2188
20 1 2188
1 3 9898
3 1 9898
1 41 9538
41 1 9538
1 43 4306
43 1 4306
2 23 6062
23 2 6062
2 24 7225
24 2 7225
2 4 6860
4 2 6860
2 40 6988
40 2 6988
2 46 7502
46 2 7502
3 39 1935
39 3 1935
3 41 8385
41 3 8385
4 44 3564
44 4 3564
6 9 3619
9 6 3619
10 17 6535
17 10 6535
10 20 1062
20 10 1062
10 3 2117
3 10 2117
10 39 7735
39 10 7735
11 16 3942
16 11 3942
11 18 5290
18 11 5290
11 33 2258
33 11 2258
12 2 1136
2 12 1136
12 23 8441
23 12 8441
12 40 4847
40 12 4847
12 46 1351
46 12 1351
13 15 3658
15 13 3658
13 34 3036
34 13 3036
13 41 4757
41 13 4757
13 43 7951
43 13 7951
14 22 8093
22 14 8093
14 26 4994
26 14 4994
14 27 9416
27 14 9416
15 21 5663
21 15 5663
15 34 8816
34 15 8816
15 36 2645
36 15 2645
15 5 6566
5 15 6566
16 17 4429
17 16 4429
16 18 9922
18 16 9922
16 20 3429
20 16 3429
17 20 6455
20 17 6455
17 3 3063
3 17 3063
17 48 4707
48 17 4707
17 49 1685
49 17 1685
18 19 4044
19 18 4044
18 28 5002
28 18 5002
18 33 2273
33 18 2273
19 28 9999
28 19 9999
19 42 6279
42 19 6279
21 34 4271
34 21 4271
21 5 3967
5 21 3967
22 26 8048
26 22 8048
22 27 2115
27 22 2115
22 32 4329
32 22 4329
23 48 9818
48 23 9818
23 8 6715
8 23 6715
24 4 6170
4 24 6170
24 44 9200
44 24 9200
25 26 4401
26 25 4401
25 27 9648
27 25 9648
25 30 5369
30 25 5369
25 7 7078
7 25 7078
26 27 3583
27 26 3583
26 32 5845
32 26 5845
26 7 5235
7 26 5235
28 33 9105
33 28 9105
28 42 6792
42 28 6792
29 41 8157
41 29 8157
29 43 5797
43 29 5797
30 42 8291
42 30 8291
30 49 7274
49 30 7274
30 7 4388
7 30 4388
31 36 3995
36 31 3995
31 45 1599
45 31 1599
31 8 4543
8 31 4543
31 9 3173
9 31 3173
34 5 3937
5 34 3937
35 37 3213
37 35 3213
35 47 4214
47 35 4214
36 38 5521
38 36 5521
36 45 3471
45 36 3471
36 5 4850
5 36 4850
37 44 8550
44 37 8550
37 47 1807
47 37 1807
37 6 8709
6 37 8709
38 39 4399
39 38 4399
38 45 1841
45 38 1841
39 48 4634
48 39 4634
40 46 7429
46 40 7429
41 43 1461
43 41 1461
42 49 7992
49 42 7992
44 47 5340
47 44 5340
44 6 2089
6 44 2089
45 8 3833
8 45 3833
45 9 7191
9 45 7191
47 6 8483
6 47 8483